kStrong
75
175
175
215
kCracked
175
175
275
215
kStrong
275
175
375
215
kCracked
375
175
475
215
kStrong
475
175
575
215
kCracked
575
175
675
215
kCracked
25
215
125
255
kUnbreakable
125
215
225
255
kStrong
225
215
325
255
kUnbreakable
325
215
425
255
kStrong
425
215
525
255
kUnbreakable
525
215
625
255
kCracked
625
215
725
255
kStrong
75
255
175
295
kStrong
175
255
275
295
kCracked
275
255
375
295
kCracked
375
255
475
295
kStrong
475
255
575
295
kStrong
575
255
675
295
kCracked
25
295
125
335
kStrong
125
295
225
335
kCracked
225
295
325
335
kUnbreakable
325
295
425
335
kCracked
425
295
525
335
kStrong
525
295
625
335
kCracked
625
295
725
335
kStrong
75
335
175
375
kStrong
175
335
275
375
kCracked
275
335
375
375
kCracked
375
335
475
375
kStrong
475
335
575
375
kStrong
575
335
675
375
kStrong
25
375
125
415
kUnbreakable
125
375
225
415
kStrong
225
375
325
415
kUnbreakable
325
375
425
415
kStrong
425
375
525
415
kUnbreakable
525
375
635
415
kStrong
625
375
725
415
kCracked
75
415
175
455
kStrong
175
415
275
455
kCracked
275
415
375
455
kStrong
375
415
475
455
kCracked
475
415
575
455
kStrong
575
415
675
455